     0       0.0004537380545            6.44763415           6.448087888
   250           1.368132517           5.080028992           6.448161509
   500           2.937520524           3.510599164           6.448119688
   750           2.804752108            3.64340354           6.448155647
  1000           1.336575465           5.111545238           6.448120703
  1250           1.967760263           4.480393143           6.448153406
  1500           2.071367508           4.376759281            6.44812679
  1750           2.067968939           4.380176426           6.448145366
  2000           1.373660364           5.074470181           6.448130545
  2250           1.854821698           4.593334696           6.448156393
  2500           2.010463052           4.437670595           6.448133647
  2750           1.384269674           5.063881128           6.448150801
  3000           1.135464028             5.3126672           6.448131228
  3250           1.457150691           4.990992465           6.448143155
  3500           1.235216478           5.212915264           6.448131742
  3750           1.433270864           5.014874379           6.448145243
  4000           1.320212318            5.12792953           6.448141849
  4250           1.204259316           5.243872507           6.448131823
  4500           1.766949048           4.681196481           6.448145529
  4750            1.10921924           5.338910328           6.448129568
  5000            1.58200873           4.866141144           6.448149874
  5250           1.418294752            5.02984739           6.448142142
  5500            1.44230824           5.005834955           6.448143195
  5750            1.54538351           4.902754158           6.448137669
  6000            1.38967482           5.058469234           6.448144054
  6250           1.257837894           5.190302511           6.448140405
  6500           1.495915017           4.952234135           6.448149152
  6750           1.242554522           5.205580901           6.448135423
  7000           1.770403458           4.677740784           6.448144242
  7250           1.371402475           5.076741539           6.448144014
  7500           1.395495134           5.052648902           6.448144036
  7750           1.396570097           5.051572625           6.448142722
  8000           1.760174138           4.687972963           6.448147101
  8250           1.410414816           5.037731701           6.448146517
  8500           1.859790675           4.588362997           6.448153672
  8750           1.247720881           5.200425544           6.448146425
  9000           1.578842666           4.869303392           6.448146058
  9250           1.268056662           5.180084935           6.448141596
  9500           1.665114025           4.783031418           6.448145443
  9750           1.254687475           5.193448345            6.44813582
 10000           1.473913149           4.974233972           6.448147121
 10250           1.765988086           4.682166615             6.4481547
 10500           1.175502353           5.272639208           6.448141561
 10750            1.75093122           4.697214314           6.448145534
 11000           1.744665818           4.703491574           6.448157392
 11250           1.309629735           5.138513395            6.44814313
 11500           2.092746561           4.355418611           6.448165171
 11750           1.141566812           5.306576202           6.448143014
 12000           1.973383759           4.474775931           6.448159689
 12250          0.9963606064            5.45177749           6.448138096
 12500           1.773923484           4.674223567            6.44814705
 12750           1.643354839           4.804805181            6.44816002
 13000           1.211246776           5.236889279           6.448136055
 13250           1.436300361           5.011839334           6.448139695
 13500           1.663542497           4.784615073            6.44815757
 13750           1.691548876            4.75660564           6.448154516
 14000           1.484200517           4.963952026           6.448152543
 14250           2.000796664           4.447360781           6.448157445
 14500           1.233742488           5.214406693           6.448149181
 14750           1.507760238           4.940388319           6.448148557
 15000           1.424281838           5.023860832            6.44814267
 15250           1.348374952           5.099767203           6.448142155
 15500           1.635768764           4.812382555           6.448151319
 15750           1.550325725           4.897815606           6.448141331
 16000           1.347744554           5.100401112           6.448145666
 16250           1.441518103           5.006620541           6.448138644
 16500           1.575485777           4.872662365           6.448148141
 16750           1.332294417           5.115843672           6.448138089
 17000           1.485181857           4.962963875           6.448145731
 17250           1.935182557           4.512972037           6.448154594
 17500           1.532076946           4.916067489           6.448144435
 17750           1.106339596           5.341791471           6.448131067
 18000           1.812451378           4.635704533           6.448155911
 18250           1.681883916           4.766262551           6.448146467
 18500           1.571326238           4.876817421           6.448143659
 18750           1.602376677            4.84577102           6.448147697
 19000            1.65738198           4.790755893           6.448137874
 19250           1.052169906           5.395965821           6.448135727
 19500           1.414094441           5.034044477           6.448138918
 19750           1.795619638           4.652533987           6.448153625
 20000           1.656061921           4.792093492           6.448155413
 20250           1.816849018           4.631309312            6.44815833
 20500            1.75640713           4.691748176           6.448155306
 20750           1.581952098           4.866202603           6.448154701
 21000           1.640036436           4.808110375           6.448146811
 21250            1.48108148            4.96706309            6.44814457
 21500           1.256650953           5.191490027            6.44814098
 21750           1.292616987           5.155520508           6.448137495
 22000           1.942741263           4.505413231           6.448154494
 22250           1.200073197           5.248066128           6.448139325
 22500           1.507018498           4.941130962            6.44814946
 22750           1.773804752           4.674352562           6.448157315
 23000           1.526160453           4.921992535           6.448152988
 23250           1.578186139           4.869955304           6.448141443
 23500           1.067508301           5.380627497           6.448135798
 23750           1.495767311           4.952377377           6.448144688
 24000           1.944958526           4.503194615           6.448153141
 24250           1.248174775           5.199971492           6.448146268
 24500           1.040798141           5.407328917           6.448127058
 24750           1.429601888           5.018546769           6.448148657
 25000           1.326894508           5.121240272            6.44813478
 25250           1.521146172           4.927001927           6.448148099
 25500           1.422886496           5.025268287           6.448154783
 25750           1.556763948           4.891377702            6.44814165
 26000           1.181897494           5.266246069           6.448143563
 26250           1.487331578           4.960820162            6.44815174
 26500            1.54562813            4.90251516            6.44814329
 26750           1.515677203            4.93247598           6.448153183
 27000           1.054601122           5.393534129           6.448135251
 27250           1.238699638           5.209443963           6.448143601
 27500           1.725233368           4.722915326           6.448148694
 27750           1.626823381            4.82133108           6.448154461
 28000           1.189103326           5.259037658           6.448140984
 28250           1.438337023           5.009815442           6.448152465
 28500           1.641141079           4.807006662           6.448147741
 28750           1.091035729           5.357100983           6.448136711
 29000           1.412993984           5.035152644           6.448146627
 29250           1.647001203           4.801151616           6.448152819
 29500           1.107796114           5.340351523           6.448147637
 29750           1.827359038           4.620800254           6.448159293
 30000           1.184196649           5.263943568           6.448140217
 30250            1.10536928           5.342765383           6.448134663
 30500           1.513198717           4.934949531           6.448148248
 30750           1.573500953           4.874663354           6.448164307
 31000           1.403687587           5.044458483            6.44814607
 31250           1.353151301           5.094987282           6.448138582
 31500           1.291900561           5.156242744           6.448143304
 31750           1.237419088            5.21072201           6.448141098
 32000           1.311800861           5.136340736           6.448141598
 32250           1.286432462           5.161716838             6.4481493
 32500           1.303147716           5.144991339           6.448139055
 32750           1.115105299           5.333040991           6.448146291
 33000           1.822318764           4.625838834           6.448157598
 33250           1.202791599           5.245350496           6.448142095
 33500            1.44532091            5.00282051           6.448141421
 33750           1.171245358           5.276912995           6.448158353
 34000           1.520866788           4.927278102           6.448144891
 34250           1.247116397           5.201029033            6.44814543
 34500           1.279263052           5.168880986           6.448144038
 34750           1.545876608           4.902277446           6.448154055
 35000           1.372845783           5.075303216              6.448149
 35250           1.288523155           5.159627336           6.448150491
 35500             1.2652496           5.182892088           6.448141689
 35750           1.511483997            4.93666743           6.448151427
 36000            1.46538626           4.982764458           6.448150718
 36250          0.8696230945           5.578513058           6.448136153
 36500           1.476306083           4.971845658           6.448151741
 36750           1.358694925           5.089452161           6.448147086
 37000           1.116917482           5.331224851           6.448142333
 37250           1.659349354           4.788811316            6.44816067
 37500            1.19748088           5.250662539           6.448143419
 37750            1.48365602            4.96449662           6.448152639
 38000           1.172501731           5.275645846           6.448147577
 38250          0.9446729207           5.503456887           6.448129808
 38500           1.269048409           5.179100325           6.448148735
 38750           1.546762058           4.901389578           6.448151636
 39000           1.100533025           5.347608638           6.448141662
 39250           1.317172764           5.130974138           6.448146902
 39500           1.479881777           4.968267106           6.448148882
 39750           1.259863594           5.188282704           6.448146298
 40000           1.389376697           5.058771511           6.448148207
 40250            1.54598285           4.902175924           6.448158775
 40500           1.333348732            5.11479992           6.448148652
 40750          0.8286786745             5.6194497           6.448128375
 41000           1.099910288           5.348226095           6.448136383
 41250           1.138611697            5.30953376           6.448145458
 41500           1.751386771           4.696773054           6.448159825
 41750           1.395933379           5.052215495           6.448148873
 42000           1.293105795           5.155045722           6.448151517
 42250           1.483858563            4.96428645           6.448145014
 42500          0.9356821987           5.512462823           6.448145021
 42750           1.476952508           4.971190872           6.448143379
 43000           1.363235085           5.084912697           6.448147783
 43250           1.452294671            4.99586273             6.4481574
 43500           1.213483011           5.234657031           6.448140042
 43750          0.9820665043           5.466065939           6.448132443
 44000           1.359277587           5.088875621           6.448153207
 44250           1.491452895           4.956693414           6.448146309
 44500           1.016962307           5.431176141           6.448138448
 44750            1.33880927           5.109332232           6.448141501
 45000           1.182399253           5.265747651           6.448146904
 45250            1.31655823           5.131587726           6.448145956
 45500           0.803298788            5.64483571           6.448134498
 45750           1.431259629           5.016884821            6.44814445
 46000            1.17919608           5.268952688           6.448148768
 46250           1.332689827           5.115454922            6.44814475
 46500           1.516798884           4.931359848           6.448158732
 46750           1.486619451           4.961536462           6.448155913
 47000           1.598053485           4.850104848           6.448158332
 47250           1.024289367           5.423854006           6.448143373
 47500            1.32611603           5.122028045           6.448144075
 47750          0.9389424253            5.50919507           6.448137495
 48000           1.211040671           5.237107305           6.448147976
 48250           1.356042878           5.092108856           6.448151734
 48500           1.473689898           4.974460154           6.448150053
 48750           1.098731443           5.349416201           6.448147644
 49000           1.095473765           5.352673624           6.448147389
 49250            1.21225412            5.23589143           6.448145551
 49500           1.499507613           4.948642476            6.44815009
 49750           1.058738586            5.38940264           6.448141226
 50000           1.214789416           5.233362788           6.448152204
 50250           1.444266606            5.00389103           6.448157636
 50500           1.266143621           5.181998344           6.448141965
 50750          0.8667294985           5.581417202           6.448146701
 51000           1.323911275           5.124232295            6.44814357
 51250          0.8854688131           5.562669762           6.448138575
 51500           1.443315096           5.004831098           6.448146195
 51750           1.115380504            5.33276147           6.448141974
 52000           1.198689281           5.249464653           6.448153934
 52250           1.396183706           5.051969292           6.448152998
 52500           1.059465455            5.38867545           6.448140905
 52750           1.170446781           5.277693656           6.448140437
 53000           1.174939842            5.27320875           6.448148592
 53250           1.274598432           5.173562648            6.44816108
 53500            1.43573454           5.012412139           6.448146679
 53750            1.17482005           5.273327056           6.448147106
 54000           1.082026209           5.366119385           6.448145594
 54250           1.400592698           5.047558135           6.448150832
 54500            1.07189392           5.376250391           6.448144311
 54750           1.159720165           5.288427562           6.448147727
 55000           1.714180565           4.733981271           6.448161836
 55250          0.7991947253           5.648942587           6.448137312
 55500            1.20339699           5.244748771            6.44814576
 55750           1.596196246           4.851962749           6.448158995
 56000           1.148573638            5.29956647           6.448140108
 56250          0.9995619692           5.448577717           6.448139686
 56500           1.283802606           5.164353446           6.448156052
 56750           1.079688807           5.368448106           6.448136913
 57000           1.329582223           5.118574079           6.448156303
 57250           1.192392713           5.255751165           6.448143879
 57500           1.238005305           5.210143283           6.448148588
 57750           1.294721192           5.153431274           6.448152466
 58000           1.259472874           5.188672364           6.448145238
 58250           1.162520659           5.285631194           6.448151854
 58500           1.321432786            5.12671276           6.448145545
 58750           1.172011871           5.276139941           6.448151812
 59000           1.215899244           5.232246652           6.448145895
 59250           1.036451088           5.411702261           6.448153349
 59500           1.152969673           5.295174423           6.448144096
 59750           1.160148405           5.287993726           6.448142131
 60000           1.077628737           5.370521044           6.448149781
 60250           1.128541096            5.31960709           6.448148186
 60500          0.9670416209           5.481098112           6.448139733
 60750           1.140937716           5.307209464           6.448147181
 61000           1.053866779           5.394277492           6.448144271
 61250           1.125747502           5.322401911           6.448149413
 61500           1.282223172           5.165931201           6.448154372
 61750          0.9333158867           5.514817453           6.448133339
 62000           1.248700976           5.199458259           6.448159235
 62250           1.232300656           5.215849421           6.448150078
 62500           1.185839029           5.262304043           6.448143072
 62750           1.246814979            5.20133914            6.44815412
 63000           1.199768188           5.248376208           6.448144396
 63250          0.9391749698           5.508961295           6.448136265
 63500          0.9192312376           5.528918315           6.448149552
 63750          0.9722836977            5.47585067           6.448134368
 64000           1.167374449           5.280769557           6.448144006
 64250           1.116791369            5.33135548           6.448146849
 64500           1.197252982            5.25089236           6.448145342
 64750           1.283918831           5.164232153           6.448150984
 65000           1.381385577           5.066760783            6.44814636
 65250           1.033803704           5.414336733           6.448140437
 65500           1.198648342            5.24950351           6.448151852
 65750          0.9052997158           5.542825121           6.448124837
 66000           1.459959081           4.988199904           6.448158985
 66250           1.324375817           5.123769936           6.448145753
 66500           1.259244459           5.188901973           6.448146433
 66750           1.467134095           4.981023132           6.448157226
 67000           1.113635176           5.334504147           6.448139323
 67250           1.261582363           5.186564489           6.448146852
 67500           1.318080952           5.130070258            6.44815121
 67750           1.288840216           5.159302097           6.448142313
 68000           1.266271611           5.181879779            6.44815139
 68250            1.06060506           5.387534631           6.448139692
 68500           0.956116079           5.492015924           6.448132004
 68750          0.8840866877           5.564045058           6.448131746
 69000           1.198422781           5.249720436           6.448143217
 69250           1.406507906           5.041643888           6.448151794
 69500           1.668840365           4.779322866           6.448163231
 69750           1.271434241           5.176714358           6.448148599
 70000           1.315232216           5.132914159           6.448146375
 70250           1.358702588           5.089449862            6.44815245
 70500           1.615912491           4.832249764           6.448162256
 70750           1.229066529           5.219076865           6.448143394
 71000             1.1716265           5.276520382           6.448146882
 71250            1.26065143           5.187497478           6.448148908
 71500           1.414344434           5.033811341           6.448155775
 71750           1.357426264           5.090729671           6.448155935
 72000           1.354656561           5.093503981           6.448160542
 72250           1.254559151           5.193589273           6.448148424
 72500           1.107077532           5.341072884           6.448150416
 72750           1.093668772           5.354480097           6.448148869
 73000           1.107992231           5.340158644           6.448150875
 73250           1.174821939           5.273321311            6.44814325
 73500           1.328405251           5.119752481           6.448157732
 73750           1.066579952           5.381569471           6.448149422
 74000           1.003615791           5.444533009             6.4481488
 74250            1.10967925           5.338470615           6.448149865
 74500           1.282137424           5.166012788           6.448150212
 74750          0.9383200969           5.509824847           6.448144943
 75000          0.9526460633           5.495497604           6.448143667
 75250            1.01731043           5.430834137           6.448144567
 75500            1.25867356           5.189480426           6.448153986
 75750           1.300129456           5.148025657           6.448155113
 76000           1.125080959           5.323068782            6.44814974
 76250           1.082057351           5.366088654           6.448146005
 76500           1.092288074           5.355859144           6.448147218
 76750           1.056257356           5.391887771           6.448145127
 77000          0.9237728486           5.524371498           6.448144347
 77250           1.128448463           5.319698615           6.448147078
 77500           1.008935677           5.439202526           6.448138202
 77750          0.9268168405           5.521326687           6.448143528
 78000           1.301773461           5.146383896           6.448157358
 78250           1.220208883           5.227943313           6.448152196
 78500           1.006821433            5.44132198           6.448143414
 78750           1.052456415           5.395691052           6.448147467
 79000           1.138503606           5.309642733           6.448146339
 79250           1.312338763            5.13581611           6.448154873
 79500            1.24589923           5.202261195           6.448160425
 79750           1.040680172           5.407458091           6.448138263
 80000           1.297345683           5.150809943           6.448155626
 80250           1.220441145           5.227710154           6.448151299
 80500           1.084000961           5.364136063           6.448137023
 80750           1.018590384           5.429553756            6.44814414
 81000          0.9089052612           5.539234222           6.448139483
 81250           1.196310989           5.251833472           6.448144461
 81500           1.066970825           5.381166923           6.448137748
 81750           1.153763935           5.294378844           6.448142779
 82000           1.124656553            5.32348258           6.448139133
 82250           1.461781445            4.98637741           6.448158856
 82500            1.01324476            5.43488922            6.44813398
 82750           1.154284681           5.293871196           6.448155877
 83000            1.05311483           5.395023066           6.448137896
 83250           1.219222525           5.228924233           6.448146758
 83500           1.250160024           5.197990242           6.448150266
 83750           1.007742758           5.440400972            6.44814373
 84000           1.258402595           5.189746978           6.448149573
 84250           1.190025258            5.25811878           6.448144038
 84500          0.9984455774           5.449701133            6.44814671
 84750            1.17817505           5.269969221           6.448144271
 85000           1.114154511           5.333986736           6.448141247
 85250          0.9282582896           5.519887479           6.448145769
 85500           1.315568901           5.132575097           6.448143998
 85750           1.410195799           5.037964477           6.448160275
 86000           1.113301464           5.334845025           6.448146489
 86250           1.170425212           5.277717083           6.448142295
 86500           1.055558247            5.39258391           6.448142157
 86750           1.124423012           5.323723009           6.448146021
 87000           1.233089601            5.21505536           6.448144962
 87250            1.24584616           5.202306456           6.448152617
 87500           1.031932486            5.41620895           6.448141436
 87750           1.199591909           5.248559803           6.448151712
 88000           1.129770175           5.318366438           6.448136613
 88250           1.216413916           5.231737044           6.448150959
 88500           1.128955138           5.319187144           6.448142282
 88750            1.23646086           5.211680921           6.448141781
 89000           1.050045111           5.398097092           6.448142203
 89250            1.04375835           5.404377647           6.448135997
 89500           1.431509579           5.016642594           6.448152173
 89750           1.451876096           4.996270624            6.44814672
 90000           1.070993568           5.377144289           6.448137857
 90250           1.194841932           5.253297892           6.448139824
 90500           1.255034452            5.19311542           6.448149872
 90750           1.144342073           5.303798322           6.448140395
 91000            1.16693657           5.281214045           6.448150616
 91250           1.364372967           5.083772868           6.448145835
 91500           1.249853216           5.198296416           6.448149631
 91750           1.214924697            5.23322523           6.448149927
 92000           1.195923448           5.252216617           6.448140065
 92250           1.420037758           5.028118186           6.448155943
 92500           1.016034792           5.432103552           6.448138344
 92750          0.8998036671           5.548330658           6.448134325
 93000           1.169971436           5.278163282           6.448134718
 93250           1.169274793           5.278873497            6.44814829
 93500           1.266792743           5.181349963           6.448142706
 93750            1.12229245           5.325851048           6.448143497
 94000           1.048038894            5.40009448           6.448133374
 94250          0.8494505835           5.598680191           6.448130774
 94500           1.180557147           5.267583392           6.448140539
 94750           1.630201675           4.817953616           6.448155291
 95000           1.346158422           5.101994136           6.448152558
 95250           1.325878776           5.122271522           6.448150298
 95500           1.487810029           4.960340692           6.448150721
 95750           1.391099279           5.057051538           6.448150817
 96000             1.5930185           4.855140117           6.448158617
 96250            1.55987522           4.888279633           6.448154853
 96500           1.051800012           5.396336742           6.448136753
 96750           1.113200227           5.334939812           6.448140039
 97000           1.038692819           5.409440819           6.448133638
 97250           1.105514446           5.342622335           6.448136782
 97500           1.273678857           5.174460963            6.44813982
 97750            1.43224333           5.015916881           6.448160211
 98000           1.224365449           5.223767502            6.44813295
 98250           1.380074019           5.068075511            6.44814953
 98500           1.404861444           5.043294942           6.448156385
 98750           1.029337196           5.418783237           6.448120433
 99000           1.440998493           5.007159057            6.44815755
 99250          0.9500024422           5.498120499           6.448122941
 99500           1.157632498           5.290509153           6.448141652
 99750           1.369278977           5.078871974           6.448150951
