    10 0.1939478812276407838   26.2482970207328421  26.44224490196048194
    20 0.7573405723984646398  25.68493745656209626   26.4422780289605619
    30  1.638177369752120471   24.8041513258288866  26.44232869558100774
    40  2.756627738623568913  23.68576410253818665  26.44239184116175423
    50   4.01301206107919306  22.42944913752683078  26.44246119860602562
    60  5.297691100039072509  21.14483886578203098  26.44252996582110171
    70  6.501807413396424096  19.94078411310168875  26.44259152649811284
    80  7.527742484781485111  18.91489765442719673  26.44264013920868095
    90  8.298201188961018104  18.14447033064719506  26.44267151960821138
   100  8.763001934413825467  17.67968131999484882  26.44268325440867429
   110  8.902915100182097419  17.53975990545985653  26.44267500564195217
   120  8.730223142963691174  17.71242534429533322  26.44264848725902439
   130  8.286035769932109218  18.15657145107154236  26.44260722100365157
   140  7.634743204425611829  18.80781289809713641  26.44255610252274735
   150  6.856291576835398693  19.58620925248740008  26.44250082932279966
   160   6.03718392262561121  20.40526333462153019  26.44244725724714229
   170  5.261224261569641847  21.18117649803966174   26.4424007596093027
   180  4.601018943683278906  21.84134671814033268  26.44236566182361159
   190  4.111130931666653332  22.33121388255787565  26.44234481422452987
   200  3.823564945278277172  22.61877440267512895  26.44233934795340701
   210  3.745972490685237855   22.6963761449125272  26.44234863559776372
   220  3.862642209358752687  22.57972824358467889  26.44237045294343247
   230  4.138022602263982108  22.30437871191577059  26.44240131417975448
   240  4.522248836876201494  21.92018809668837775  26.44243693356457925
   250  4.957943692983838524  21.48452906125779194  26.44247275424163135
   260  5.387454499213002457  21.05504998152832741  26.44250448074133075
   270  5.759680178965960629  20.68284837649814989  26.44252855546411141
   280  6.035729866746559757  20.40681266290289742  26.44254252964945806
   290  6.192821258299568754  20.24972403559307921  26.44254529389264974
   300  6.226050059229844891   20.2164870907104337   26.4425371499402786
   310  6.147915009938756725  20.29460471250423481  26.44251972244299154
   320  5.985738684339497517  20.45675704081435242  26.44249572515385083
   330  5.777356849732428579  20.66511176019568552  26.44246860992811321
   340  5.565636097664810933  20.87680604037814547   26.4424421380429564
   350  5.392502629162447825  21.04991729207178608  26.44241992123423302
   360  5.293212057725561692  21.14919292584964339  26.44240498357520508
   370  5.291555289279495256  21.15084410491897415  26.44239939419846763
   380  5.396581315566324477  21.04582269877093736  26.44240401433726362
   390  5.601235069378590836  20.84118332090780612  26.44241839028639873
   400  5.883076629000094648   20.5593641784971517  26.44244080749724546
   410  6.206993246551297361  20.23547525513437151  26.44246850168566709
   420  6.529568440686736253  19.91292956221138866  26.44249800289812669
   430  6.804563954554945227  19.63796161602060053  26.44252557057554753
   440  6.988828436892987384  19.45371922771190043  26.44254766460488781
   450  7.047891248671866116  19.39467014271254541  26.44256139138441242
   460  6.960539620478162881  19.48202524610872288  26.44256486658688488
   470  6.721808039108929655  19.72074940845313407  26.44255744756206283
   480  6.344012597977926937  20.09852720868668996  26.44253980666461601
   490  5.855711746574841392  20.58680209265513383  26.44251383922997434
   500  5.298733885024974555  21.14374853752998717  26.44248242255495995
   510  4.723646598010576625  21.71880246337848419  26.44244906138906259
   520  4.184222202971299431  22.25819526531670789  26.44241746828800643
   530  3.731559296372199963  22.71083183606329925  26.44239113243549966
   540  3.408541234864535863  23.03383169351216608  26.44237292837670239
   550  3.245252558388469488  23.19711224945851313  26.44236480784698173
   560  3.255845499925510644   23.1865221055106332  26.44236760543614295
   570  3.437170076587460876  23.00521089763259042   26.4423809742200504
   580  3.769275771614670312  22.67312768092283903  26.44240345253750846
   590     4.217684385060398  22.22474826412486593  26.44243264918526393
   600  4.737144689476005865  21.70532083304717119  26.44246552252317883
   610  5.276429187222119843  21.16606953291740822  26.44249872013952896
   620  5.783635841430614377  20.65889309909800531  26.44252894052861791
   630  6.211421499718837502  20.23113177746039426  26.44255327717923265
   640  6.521620473463325851  19.92094903532395023  26.44256950878727608
   650  6.688786100790205857  19.75379020579430289  26.44257630658450964
   660  6.702323600501227219  19.74024973955294371  26.44257334005417093
   670  6.567042920718374255  19.87551835351209917  26.44256127423047431
   680  6.302131904408642349  20.14040975925672328  26.44254166366536651
   690  5.938714134935494826  20.50380262380780039  26.44251675874329521
   700  5.516295527792222764  20.92619372042652159  26.44248924821874525
   710   5.07850596437431534   21.3639560027778117  26.44246196715212704
   720  4.668598462180289843  21.77383913935662818  26.44243760153691625
   730   4.32517497459289757  22.11724344537432785  26.44241841996722542
   740  4.078566338393977198  22.36383972031449119   26.4424060587084675
   750  3.948210232146591725  22.49419114801644426  26.44240138016303732
   760  3.941255358936675446  22.50114905746193372  26.44240441639860961
   770  4.052485437096908782  22.38992896310023539  26.44241440019714418
   780  4.265517486747227416  22.17691239025859318  26.44242987700582148
   790   4.55509970644335116  21.88734917682255698  26.44244888326590726
   800  4.890227560238003868  21.55224161047755871  26.44246917071556169
   810  5.237722137473013184  21.20476631531206735  26.44248845278508142
   820  5.565878262225697704  20.87662638598667186  26.44250464821237045
   830  5.847793212287144549  20.59472288581720179  26.44251609810434545
   840  6.064028730575611092  20.37849300500667127  26.44252173558228236
   850  6.204334754232895932  20.23818643718472643  26.44252119141762236
   860  6.268265917483096139  20.17424890714558927  26.44251482462868452
   870  6.264642194691633748  20.17786147902649319  26.44250367371812871
   880  6.209931933301608531   20.2325573986272147  26.44248933192882234
   890  6.125756437157380496  20.31671732089845506  26.44247375805583644
   900  6.035817079601480728   20.4066419626286617  26.44245904223014065
   910   5.96261630976580026   20.4798308427102107  26.44244715247601007
   920  5.924373005482539867  20.51806668618642604  26.44243969166896591
   930  5.932514784113608997  20.50992291066252804  26.44243769477613881
   940  5.990065040670542018  20.45237645192547049  26.44244149259601073
   950  6.091136721693069411  20.35131393912976705  26.44245066082283557
   960  6.221609981713670301  20.22085408129839124  26.44246406301206065
   970  6.360923078907060102  20.08155690541635252  26.44247998432341262
   980  6.484763563076662685   19.9577327782056031  26.44249634128226489
   990  6.568328200875249046  19.87418274192416945  26.44251094279941938
  1000  6.589740783541112812  19.85278098701873617  26.44252177055984987
  1010  6.533187978384699335  19.90933926521329767    26.442527243597997
  1020  6.391359671426827482  20.05116676146665355  26.44252643289348015
  1030  6.166859933487212508  20.27565926375216776  26.44251919723938116
  1040  5.872379108836739192  20.57012711212595946  26.44250622096269865
  1050  5.529571828421054214  20.91291711784339569  26.44248894626445079
  1060   5.16675088743305011   21.2757185190237692  26.44246940645681931
  1070  4.815661845623330883  21.62678813371721276  26.44244997934054453
  1080  4.507727704815153835   21.9347053858172103  26.44243309063236325
  1090  4.270230471044757614  22.17219043321136951  26.44242090425612801
  1100  4.122915973674707857  22.31949906498937608  26.44241503866408394
  1110  4.075466266152581341  22.36695007979301408  26.44241634594559542
  1120  4.126184088610735934  22.31624069495461526  26.44242478356535031
  1130  4.262087186390069782  22.18035221155171044  26.44243939794177933
  1140  4.460433774821671804  21.98202465076989043  26.44245842559156046
  1150  4.691515559885521824  21.75096394279936973  26.44247950268488978
  1160  4.922385094762144142  21.52011486441745802  26.44249995917960305
  1170  5.121052909645309903  21.32146425161002412  26.44251716125533491
  1180  5.260616092070079297  21.18191276547572599  26.44252885754580618
  1190  5.322776274142241526  21.11975720815481594  26.44253348229705836
  1200  5.300274467968267622  21.14225590503129126  26.44253037299955977
  1210  5.197905569173817852  21.24461430172890886  26.44251987090272848
  1220   5.03195933823588426  21.41054395056588788  26.44250328880177392
  1230  4.828142310832314266  21.61434043825365237  26.44248274908596841
  1240  4.618237501519384836  21.82422341179705683  26.44246091331644166
  1250  4.435927679910599331  22.00651295971771759  26.44244063962831603
  1260  4.312320165462693922  22.13010444831564172  26.44242461377833564
  1270  4.271751701693881742  22.17066330080932346  26.44241500250320343
  1280  4.328416520853523686  22.11399665312265839  26.44241317397618118
  1290  4.484255067090713531  21.95816445349585067  26.44241952058656508
  1300  4.728379835794568109   21.7140535698224113  26.44243340561698119
  1310  5.038119733849907966   21.4043335057457611  26.44245323959566818
  1320  5.381560153218190479  21.06091652281878979  26.44247667603698204
  1330  5.721268013296708865  20.72123288837380173  26.44250090167050971
  1340   6.01874252221552819  20.42378046246480849  26.44252298468033757
  1350  6.239041681491522162  20.20349855571822673    26.442540237209748
  1360  6.355013036437432206  20.08753750995671794  26.44255054639415192
  1370  6.350607839363726193   20.0919447925758945   26.4425526319396198
  1380  6.222874519802075177  20.21967167771875751  26.44254619752083357
  1390  5.982395346802763747  20.46013661024741381  26.44253195705017845
  1400  5.652127602723007627  20.79038393067799362  26.44251153340100302
  1410  5.264811406478456135  21.17767583770785222  26.44248724418631014
  1420  4.859283797285734785  21.58317800699144229  26.44246180427717618
  1430  4.476169234553946552  21.96626875106917254  26.44243798562311909
  1440  4.153483290454104804  22.28893498962686337  26.44241828008096817
  1450  3.922681088154709172  22.51972352138369615   26.4424046095384071
  1460  3.805607245079384526   22.6367908749344835   26.4423981200138698
  1470  3.812671754840066818  22.62972732889713967  26.44239908373720738
  1480  3.942406273892770763  22.50000064362308905   26.4424069175158607
  1490  4.182372326313754662  22.26004798299497978  26.44242030930873355
  1500  4.511222669077354475   21.9312147612974222  26.44243743037477756
  1510  4.901582333579881379  21.54087386605504406  26.44245619963492544
  1520  5.323333484857902143  21.11914107658706996  26.44247456144497121
  1530  5.746866780976221278  20.69562395735587756  26.44249073833209707
  1540  6.145900846979628795  20.29660257907120169  26.44250342605083048
  1550   6.49956173756647626  19.94295017087218369  26.44251190843866084
  1560  6.793540021292264086  19.64897606100480587  26.44251608229706818
  1570  7.020284454661855023  19.42223194118324514  26.44251639584510016
  1580  7.178327251876174486  19.26418646434758486  26.44251371622375757
  1590  7.270947972694030703  19.17156117769063428  26.44250915038466587
  1600   7.30445704681301855  19.13804680160681215  26.44250384841983248
  1610  7.286408288987666459  19.15609052975590387  26.44249881874356944
  1620  7.224031677204595603  19.21846310365507549  26.44249478085967198
  1630  7.123118765171088107  19.31937330944819564  26.44249207461928464
  1640  6.987504030303426816  19.45498660577200667  26.44249063607543349
  1650  6.819180177452255798  19.62330986292730373  26.44249004037956041
  1660  6.618979295395789997  19.82351030744930043  26.44248960284508954
  1670  6.387659697113975632  20.05482882424360724  26.44248852135758199
  1680  6.127172929118143152  20.31531310859967121  26.44248603771781347
  1690  5.841855679569310844  20.60062591345719341  26.44248159302650336
  1700  5.539301045186348915  20.90317390801473962  26.44247495320108854
  1710  5.230711167055588362  21.21175511809825664  26.44246628515384501
  1720  4.930611577427355563  21.51184459390318793  26.44245617133054438
  1730  4.655905316433157637  21.78654024277215484   26.4424455592053107
  1740  4.424347912883179745   22.0180877387293954  26.44243565161257692
  1750  4.252618003147093262  22.18980974897887748  26.44242775212597252
  1760  4.154229472305281945  22.28819361372009666  26.44242308602537861
  1770  4.137569533519012133  22.30485308738663619  26.44242262090564921
  1780  4.204347523176894974  22.23807938817590113  26.44242691135279699
  1790  4.348700789956714274  22.09373519941868125   26.4424359893753973
  1800  4.557131263639829122  21.88531805315405165  26.44244931679387989
  1810  4.809347821746395191  21.63311798651421469  26.44246580826061077
  1820  5.079977408061246535  21.36250651683659996  26.44248392489784649
  1830  5.340995791897092282  21.10150603785942636  26.44250182975651953
  1840  5.564630849442084859  20.87788673900264413  26.44251758844472988
  1850  5.726419751990433404   20.7161096403413687    26.442529392331803
  1860  5.808065924051661888   20.6344698542784073   26.4425357783300683
  1870  5.799747449525316512  20.64278836932947669  26.44253581885479321
  1880   5.70157639997677812  20.74095285816103029  26.44252925813781019
  1890  5.523994178533713217  20.91852239784544309  26.44251657637915542
  1900  5.287002868888017737  21.15549610188969964  26.44249897077771649
  1910  5.018264630544559068  21.42421362102689741  26.44247825157145826
  1920  4.750235827853479975  21.69222083315790428  26.44245666101138426
  1930  4.516624206401942843  21.92581242631723981  26.44243663271918265
  1940  4.348550959652954795  22.09386955739412883  26.44242051704708274
  1950  4.270852158571423196  22.17155814519684043  26.44241030376826274
  1960  4.298956964831671002  22.14345041082699694  26.44240737565866795
  1970  4.436730086615295221  22.00568223795271194  26.44241232456800716
  1980   4.67556641545369267  21.76685843983982593  26.44242485529351683
  1990  4.994886830493864061  21.44755696190317451  26.44244379239703946
  2000   5.36402183273768518  21.07844535958132681   26.4424671923190111
  2010  5.745304050433019505  20.69718849905946456  26.44249254949248495
  2020  6.098043059479580918  20.34447401324381843  26.44251707272339758
  2030  6.382945800370817047  20.05959219841141206  26.44253799878222821
  2040  6.566487692884118488  19.87606521247565183  26.44255290535976854
  2050  6.624740861316777085  19.81781912459129558  26.44255998590807266
  2060   6.54622616230852028  19.89633209185625518  26.44255825416477634
  2070  6.333466694853894907  20.10908096057690031  26.44254765543079344
  2080   6.00306761238526132  20.43946146110959816  26.44252907349486037
  2090  5.584311736492606038  20.85819249829263455   26.4425042347852397
  2100  5.116422655727381752  21.32605286753475582  26.44247552326213935
  2110  4.644787878559266225  21.79765785066960149   26.4424457292288686
  2120  4.216538970377963658  22.22587879115474507  26.44241776153270962
  2130   3.87594352580207735  22.56645082919454381   26.4423943549966225
  2140  3.660071590024193355   22.7823062133262475  26.44237780335043908
  2150   3.59515912496188994  22.84721061818783738  26.44236974314972599
  2160  3.694010786990461259  22.74836022018342163  26.44237100717388245
  2170  3.954674581994470195  22.48770697578845557  26.44238155778292665
  2180  4.360494494485446459  22.08190600822840111  26.44240050271384845
  2190  4.881516640416748487  21.56090954806634841  26.44242618848309689
  2200  5.477101523888477708  20.96535483641965669  26.44245636030813529
  2210  6.099489554513746192   20.3429988179833785  26.44248837249712381
  2220  6.697987038621350919  19.74453239101075752  26.44251942963210666
  2230  7.223391055959683449  19.21915578092565369  26.44254683688533802
  2240  7.632257122291487228  18.81031111518374743  26.44256823747523555
  2250  7.890633725103811003  18.55194809174707871  26.44258181685088971
  2260  7.976940279971220349  18.46564617643690553  26.44258645640812588
  2270  7.883744704734340303  18.55883711950928472  26.44258182424362502
  2280   7.61829638403767806  18.82427201193193511  26.44256839596961228
  2290  7.201781068883987835  19.24076633571999295  26.44254740460398168
  2300  6.667376817233783726  19.77514390711948522  26.44252072435326895
  2310  6.057295060498451456  20.38519563807199475  26.44249069857044532
  2320  5.419079517770624577  21.02338040913368999  26.44245992690431279
  2330   4.80150031533473598  21.64093071509470079  26.44243103042943588
  2340  4.250415240160947405  22.19199117589415948  26.44240641605510689
  2350  3.804970674071568304  22.63741738820445093  26.44238806227602012
  2360  3.494480342506407933  22.94789700452687597  26.44237734703328258
  2370  3.336252856865888017  23.10612207796062734  26.44237493482651402
  2380  3.334545049261068428  23.10783568515786257  26.44238073441893278
  2390  3.480706600351811897  22.96168733062208389  26.44239393097389623
  2400  3.754464292673525438  22.68794879551161614  26.44241308818514113
  2410  4.126184355845716745  22.31625195218594371  26.44243630803165956
  2420  4.559861134770379465  21.88260029462239231  26.44246142939277178
  2430  5.016519603747583211  21.42596663907323062  26.44248624282081295
  2440  5.457694086929955724  20.98481461093912515  26.44250869786907998
  2450  5.848657254090513291  20.59386982742252314  26.44252708151303466
  2460  6.161118629723588924   20.2814215212538862  26.44254015097747512
  2470  6.375183038978589956  20.06736417186543875  26.44254721084402959
  2480   6.48044642206645527  19.96210170959206209  26.44254813165851914
  2490  6.476197958116089559  19.96634535610634131  26.44254331422242998
  2500  6.370782695391818962   20.0717509140083834  26.44253360940020059
  2510  6.180249204831870458  20.26227100199738373  26.44252020682925419
  2520  5.926456622318534428  20.51604788475301788  26.44250450707155409
  2530  5.634842880646313112   20.8076451100344606   26.4424879906807746
  2540  5.332062335718862123  21.11040975927571139  26.44247209499457441
  2550  5.043690146402864727  21.39876795972990919   26.4424581061327757
  2560  4.792167546637000619  21.65027952395813315  26.44244707059513289
  2570  4.595131184262263524    21.847308544401006  26.44243972866327042
  2580  4.464234409998777409  21.97820206080450589   26.4424364708032833
  2590  4.404530603380861109  22.03790671480176755  26.44243731818262688
  2600  4.414448806620969279   22.0279931221150882  26.44244192873605925
  2610  4.486350002999209607  21.95609962728474329   26.4424496302839529
  2620  4.607608602381312757  21.83485087897819454  26.44245948135950641
  2630  4.762119602061508417  21.68035075634047715  26.44247035840198379
  2640  4.932090711672279859  21.51039035311210768  26.44248106478438842
  2650  5.099945319729493498  21.34254513360496475  26.44249045333445736
  2660  5.250142288933185242  21.19235526140811032  26.44249755034129379
  2670  5.370717637976733627  21.07178402850748355  26.44250166648421896
  2680  5.454374905523353689  20.98812757405173102  26.44250247957508293
  2690  5.498996100543921628  20.94350397531471586  26.44250007585863926
  2700  5.507510546150109931  20.93498439490697294  26.44249494105708465
  2710  5.487137697624209665  20.95535020117896607  26.44248789880317574
  2720  5.448102090552662702  20.99437791116558927  26.44248000171825197
  2730  5.401992122473601832  21.04048026552244011  26.44247238799604105
  2740  5.359987668460504118  21.08247845407345267  26.44246612253395767
  2750  5.331205018140160234  21.11125702715120411  26.44246204529136435
  2760  5.321395785431486836  21.12106486424575991  26.44246064967724763
  2770  5.332189138450779353  21.11027287173758893  26.44246201018836828
  2780  5.360989582147678512  21.08147618938250289  26.44246577153018052
  2790  5.401546425659275563  21.04092477656521609  26.44247120222449254
  2800  5.445110327353606117  20.99736697837278498  26.44247730572639199
  2810  5.482002429392793807   20.9604805436752919  26.44248297306808482
  2820  5.503356582258866148  20.93913057232608921  26.44248715458495624
  2830   5.50276518616921706  20.93972383915180302  26.44248902532102008
  2840  5.477568948926047732  20.96491917076366107  26.44248811968970969
  2850  5.429579033524803755   21.0129053819450462  26.44248441546984907
  2860  5.365099700236116043   21.0773786541794621  26.44247835441557726
  2870  5.294219381066493035  21.14825141444165268  26.44247079550814661
  2880  5.229444357047061231  21.21301854892901773  26.44246290597607896
  2890   5.18384738416868629  21.25860861941377067  26.44245600358245696
  2900  5.168980394074224272  21.27347097631620443  26.44245137039042959
  2910  5.192845092847941935  21.24960496970866686  26.44245006255660968
  2920  5.258221093947415881  21.18423164808918813  26.44245274203660401
  2930  5.361616118035273715  21.08084343617717593  26.44245955421244787
  2940  5.493029941626462076  20.94944012868731775   26.4424700703137816
  2950  5.636621410252896425  20.80586189541428865  26.44248330566718508
  2960  5.772248472057436963  20.67024934294524741  26.44249781500268526
  2970  5.877730256101439288  20.56478159950468054  26.44251185560612072
  2980  5.931574152017517143  20.51094944726048652  26.44252359927800455
  2990  5.915834913530610528  20.52669645283376809  26.44253136636437773
  3000  5.818738884248351617  20.62379496658375544  26.44253385083210617
  3010  5.636721033095699163  20.80580927230250055   26.4425303053982006
  3020   5.37558532577088144  21.06693533468739687  26.44252066045827831
  3030  5.050602582949781372  21.39190297652510253  26.44250555947488479
  3040  4.685490538387293569  21.75699576681728331   26.4424863052045751
  3050  4.310360199906429379  22.13210452374310577  26.44246472364953604
  3060  3.958841526197141913   22.4836014374770663  26.44244296367420688
  3070  3.664702651154703616  22.77772060696231549  26.44242325811701733
  3080  3.458337985187112551  22.98406969078627426  26.44240767597338504
  3090  3.363515340255668118  23.07888255461741522  26.44239789487308201
  3100  3.394741046307896859  23.04765397282787731  26.44239501913577328
  3110  3.555530734426643136  22.88686872781346793  26.44239946224011106
  3120  3.837772140971706492  22.60463876348651624  26.44241090445822095
  3130  4.222247642264227885  22.22018068547461311  26.44242832773884189
  3140  4.680261998678983737  21.76218812290611382  26.44245012158509667
  3150   5.17620820775702839  21.26626603880015409  26.44247424655718248
  3160  5.670812769852365598  20.77168566697684682  26.44249843682921153
  3170  6.124739352576145102  20.31778106784095783  26.44252042041710382
  3180  6.502201381322645801   19.9403367539792562    26.442538135301902
  3190  6.774240223968032382  19.66830969747012503  26.44254992143815741
  3200  6.921363689879333592  19.52119098216967785  26.44255467204901322
  3210   6.93530418368545476  19.50724774838415598  26.44255193206961252
  3220  6.819739961472798484  19.62280197510392199  26.44254193657672047
  3230  6.589918564268360868  19.85260702285849987  26.44252558712685897
  3240  6.271220472154968029  20.17128389668076949   26.4425043688357384
  3250  5.896795420046726299   20.5456847955402786  26.44248021558700401
  3260  5.504486333538445741  20.93796900124388216  26.44245533478232701
  3270  5.133320043375739772  21.30911196299395982  26.44243200636969959
  3280   4.81988452632594111   21.6225278470286959  26.44241237335463524
  3290  4.594925563109153899  21.84747267920144864  26.44239824231060254
  3300  4.480479397122105745  21.96191151520980966   26.4423909123319163
  3310  4.487812456415149143  21.95457859274154089  26.44239104915669003
  3320  4.616367302383626914   21.8260313153030765  26.44239861768670252
  3330  4.853821315270188563  21.58859156563755022  26.44241288090773878
  3340  5.177259482765988352  21.26517298389430266  26.44243246666029279
  3350  5.555355330564199612  20.88710016593256569  26.44245549649676619
  3360  5.951355800817274222  20.49112396309793027  26.44247976391520538
  3370  6.326587552120441771  20.11591539155542208  26.44250294367586207
  3380  6.644152451908303725  19.79837035870719575  26.44252281061550036
  3390  6.872464131749475236  19.57007331434457242  26.44253744609404677
  3400  6.988295987618201366  19.45424942546003422  26.44254541307823558
  3410  6.979059832797099183  19.46348605335387916  26.44254588615097745
  3420  6.844105785494715377  19.59843294344101139  26.44253872893572677
  3430  6.594918686377691408  19.84760583010088553  26.44252451647857782
  3440  6.254176509175135124  20.18832799341132755  26.44250450258646268
  3450  5.853727316053798369  20.58875321597190577  26.44248053202570503
  3460    5.4316320039605408  21.01082289298192052  26.44245489694246132
  3470  5.028509552017736972  21.41392058700160206  26.44243013901933992
  3480     4.683505321222869  21.75890348460477597  26.44240880582764675
  3490  4.430270628296738344  22.01212255245799199  26.44239318075473122
  3500  4.293377815933907549  22.14900720105379861  26.44238501698770705
  3510  4.285584016788798856  22.15680129575170554  26.44238531254050528
  3520  4.406290009289445031  22.03610415270854261  26.44239416199798853
  3530  4.641420265107501386  21.80099044633129424  26.44241071143879651
  3540  4.964790181146129022  21.47764304713676609  26.44243322828289422
  3550  5.340848443718988925  21.10161083748974775  26.44245928120873756
  3560   5.72851161222918126  20.71397439768342608  26.44248600991260645
  3570  6.085668028917964101  20.35684242357611495  26.44251045249407994
  3580   6.37383791039692138  20.06869198043148828  26.44252989082841054
  3590  6.562447923273144745   19.8800942486015515  26.44254217187469536
  3600  6.632215818761006076  19.81033014674548198  26.44254596550648984
  3610  6.577239939841811101  19.86530098689575752  26.44254092673756773
  3620  6.405538327747934524  20.03698941365119168  26.44252774139912532
  3630  6.137965286053965741  20.30454276202085495  26.44250804807482069
  3640  5.805627939758491785  20.63685630422509831  26.44248424398358921
  3650  5.446108145928707955  20.99635105071505237  26.44245919664376032
  3660  5.098943650211121614  21.34349224480489582  26.44243589501601832
  3670  4.800917831624482268  21.64149925034450561  26.44241708196898699
  3680  4.581736781216281251  21.86066813211330384  26.44240491332958598
  3690  4.460630373000239679  21.98177031392403435  26.44240068692427315
  3700  4.444303436103335336  21.99810124160689995  26.44240467771023617
  3710  4.526495797262607645  21.91592030556018145  26.44241610282278998
  3720   4.68920538392499342  21.75322784025775036  26.44243322418274289
  3730  4.905412336424316067   21.5370412417035908  26.44245357812790687
  3740  5.142942788724154113   21.2995315150411777  26.44247430376533003
  3750  5.368956407864823532  21.07353611930726345   26.4424925271720852
  3760  5.554454622307505751  20.88805112732304181  26.44250574963054845
  3770  5.678200561142416447  20.76431162529194197  26.44251218643435664
  3780  5.729519537987911804  20.71299147092137716  26.44251100890928896
  3790  5.709600786666471528  20.73290166880506291  26.44250245547153355
  3800  5.631126482761276364  20.81136131304893055   26.4424877958102087
  3810  5.516284243338488658  20.92618490972625978  26.44246915306474932
  3820  5.393441903039311924  21.04900730578361134  26.44244920882292149
  3830    5.2929471860502737   21.1494836459517721   26.4424308320020458
  3840  5.242634553921637242  21.19978212881612123  26.44241668273775758
  3850  5.263661097508212983  21.17874774765674672  26.44240884516495882
  3860   5.36724829970266093   21.0751602388059176  26.44240853850858031
  3870  5.552783666125871598   20.8896322789996951  26.44241594512556759
  3880  5.807552389396867021  20.63487778935304817  26.44243017874991608
  3890  6.108148680323184365  20.33430071762011693  26.44244939794329952
  3900  6.423388016948233137  20.01908303374596088   26.4424710506941949
  3910  6.718335446938946909  19.72415677146881308  26.44249221840776087
  3920  6.958909108857034731  19.48360090452852589  26.44251001338556151
  3930  7.116434370785188257  19.32608760473328147  26.44252197551847061
  3940  7.171525343509625117  19.27100106943624169  26.44252641294586681
  3950  7.116758341712578151  19.32576429680730712  26.44252263851988616
  3960  6.957764969941489852  19.48474609848760153  26.44251106842909138
  3970  6.712588376885439523  19.72990479215161486  26.44249316903705349
  3980  6.409384233645173623  20.03308702614376813  26.44247125978894175
  3990  6.082774260545761535  20.35967393979652229  26.44244820034228383
  4000  5.769342884275945771  20.67308412144686613  26.44242700572281279
  4010   5.50288203686119104  20.93952840540199389  26.44241044226318493
  4020  5.310020718074587975  21.13237994040204626  26.44240065847663601
  4030  5.206822021470631334  21.23557687782607672  26.44239889929670895
  4040  5.196799519979535376  21.24560582056992075  26.44240534054945613
  4050  5.270615367138710816  21.17180369772431447   26.4424190648630244
  4060  5.407499150362244045  21.03493903187612091  26.44243818223836584
  4070  5.578198210003060709  20.86426186999277022   26.4424600799958327
  4080  5.749066353129990148  20.69341541649687244  26.44248176962686259
  4090  5.886745734923401585  20.55575454948184699  26.44250028440524858
  4100  5.962817293414047981  20.47969578047234407  26.44251307388639205
  4110   5.95780016618215047  20.48471817530364802  26.44251834148579761
  4120  5.863969507647195378  20.57854577220527048  26.44251527985246497
  4130  5.686621834993543345  20.75588233920178993  26.44250417419533505
  4140  5.443623680632517114  20.99886268240931386  26.44248636304183009
  4150  5.163303154652179039  21.27916091068428983  26.44246406533646976
  4160  4.880954731681156566   21.5614853675885243  26.44244009926968175
  4170  4.634399026200518357   21.8080185038537202  26.44241753005423945
  4180  4.459152402730680365   21.9832468877479883  26.44239929047866866
  4190  4.383805053776950622  22.05858276587398947  26.44238781965093921
  4200  4.426177908370457992  22.01620685391801402   26.4423847622884729
  4210  4.590733300112754378  21.85165746342980597  26.44239076354256213
  4220   4.86756355276790309  21.57484183046471671  26.44240538323261802
  4230  5.233093296366955194  21.20933384297308066  26.44242713934003675
  4240  5.652427548519699307  20.79002612666632288  26.44245367518602308
  4250  6.083082566376525335  20.35939946344668883  26.44248202982321416
  4260  6.479673399210983398  19.96283557983052859  26.44250897904151287
  4270  6.799020003888066377  19.64351140274088081  26.44253140662894808
  4280  7.005085099176331376  19.43746156378972856  26.44254666296605905
  4290  7.073176086324290956  19.36937678404398255   26.4425528703682744
  4300  6.992927046545758252  19.44962209450059376   26.4425491410463529
  4310  6.769715027150400743  19.67282065602676155   26.4425356831771623
  4320  6.424342122957222401  20.01817165979011293  26.44251378274733355
  4330   5.99101166903743021  20.45147399367273877  26.44248566271016898
  4340  5.513820917292433066  20.92863331814439576  26.44245423543682705
  4350  5.042161038106004689  21.40026173945015131  26.44242277755615689
  4360  4.625537646807968528  21.81685691923336279  26.44239456604132954
  4370  4.308386248232354276  22.13398627073837233  26.44237251897072838
  4380  4.125450002976489117  22.31690888003015516  26.44235888300664428
  4390  4.098214251079779658  22.34414075149791046  26.44235500257769189
  4400  4.232764169319101377  22.20959702515019885  26.44236119446929933
  4410  4.519266287132191806  21.92311045079594933  26.44237673792814292
  4420  4.933092470969911325   21.5093075056679659  26.44239997663787634
  4430  5.437428007448025902  21.00500050924861739  26.44242851669664418
  4440  5.987052955284292821  20.45540653989635871  26.44245949518064975
  4450  6.532873282614970911  19.90961660503004182  26.44248988764501362
  4460  7.026715582729536891  19.41580123745373143  26.44251682018326832
  4470  7.425890824004955704  19.01664702859240919  26.44253785259736489
  4480   7.69707724870280785  18.74547395501355851  26.44255120371636636
  4490  7.819163065058238438  18.62339283264260459  26.44255589770084214
  4500  7.784813744637633093  18.65773807573712517  26.44255182037476004
  4510  7.600670626079500281  18.84186905967529313  26.44253968575479519
  4520  7.286229795835270195  19.15629112742871243   26.4425209232639844
  4530  6.871576809329003943  19.57092069453621264  26.44249750386521569
  4540  6.394251414148063084  20.04822031347153555  26.44247172761959774
  4550  5.895579942328988743  20.54686605354852702  26.44244599587751665
  4560  5.416839693099866793  21.02558289623954479  26.44242258933941159
  4570  4.995611898969108289  21.44679157084210885  26.44240346981121803
  4580   4.66264269046247648  21.77974742932589081  26.44239011978836729
  4590  4.439470606642696993  22.00291282400461057  26.44238343064730756
  4600  4.337000317209033007  22.10538332987288257  26.44238364708191469
  4610  4.355110944866726008  22.08727942704947012  26.44239037191619701
  4620  4.483289919173818028  21.95911271183869928  26.44240263101251642
  4630  4.702187157138149054  21.74023183526555769  26.44241899240370586
  4640   4.98589844694390294  21.45653928074325023  26.44243772768715317
  4650  5.304720696377880351  21.13773630162675232  26.44245699800463356
  4660  5.628083668092362934  20.81439137508619197  26.44247504317855402
  4670  5.927358471074319013  20.51513188066181215  26.44249035173613294
  4680  6.178273331363101306  20.26422846097538866  26.44250179233848996
  4690  6.362727616122791474  20.07978107700073167  26.44250869312352137
  4700  6.469876482578196253  19.97263438104263145  26.44251086362082859
  4710  6.496448443631788194  19.94606011890293473  26.44250856253472293
  4720   6.44634344018677119  19.99615898183845175  26.44250242202522116
  4730  6.329628407281585822  20.11286493653866358  26.44249334382024941
  4740  6.161093449996762672  20.28138893386018893   26.4424823838569516
  4750  5.958552158832804757   20.4839184815555484  26.44247064038835404
  4760  5.741066558272776454  20.70139259818115818  26.44245915645393552
  4770  5.527256411271437742  20.91519243139146766  26.44244884266290541
  4780  5.333821361079561285  21.10861906063286497  26.44244042171242626
  4790  5.174369508234853754  21.26806488476869106  26.44243439300354481
  4800  5.058612347270695864   21.3838186673504751  26.44243101462117096
  4810  4.991955691000978135  21.45047460953756868  26.44243030053854682
  4820  4.975489007903620475  21.46694302458532633  26.44243203248894503
  4830  5.006349772888628813  21.43608601459573038  26.44243578748436008
  4840  5.078413234167191703  21.36402774828497542   26.4424409824521689
  4850  5.183230984958823839  21.25921595142778031  26.44244693638660237
  4860  5.311115642734742792   21.1313373048192723  26.44245294755401687
  4870   5.45224787852804571  20.99021050068360239  26.44245837921164721
  4880  5.597671767431003254  20.84479097559124483   26.4424627430222472
  4890  5.740050861637659985  20.70241490468679046  26.44246576632444956
  4900   5.87408450931746362  20.56838291980379196   26.4424674291212547
  4910    5.9965317593042613  20.44593620069577966  26.44246796000004096
  4920  6.105853431800364106  20.33661435528038197   26.4424677870807443
  4930  6.201551228551650752  20.24091622067381735   26.4424674492254681
  4940  6.283342523464686913  20.15912495843923935  26.44246748190392537
  4950   6.35034715277260986  20.09212114602859245  26.44246829880120231
  4960   6.40046818380134841  20.04200190873457288   26.4424700925359204
  4970  6.430118857833834412  20.01235391715467671  26.44247277498850934
  4980  6.434386944677281228  20.00808902560011404  26.44247597027739616
  4990  6.407646716972014822  20.03483234629938181  26.44247906327139575
  5000  6.344542968003770156  20.09793832802233382   26.4424812960261022
  5010  6.241196952765208472   20.2012849432327215  26.44248189599792909
  5020  6.096434114483865407  20.34604610026269356  26.44248021474655985
  5030  5.912816205309619377  20.52965964935589582  26.44247585466551698
  5040   5.69727822460353206  20.74519053895610909  26.44246876355964204
  5050   5.46122027016254119  20.98123901170822592    26.442459281870768
  5060  5.219978393701881103  21.22246974028186983  26.44244813398375271
  5070  4.991686431490768072  21.45074993112720563  26.44243636261797548
  5080  4.795630510688345005  21.64679470240393044  26.44242521309227456
  5090  4.650277081100387733  21.79213890045732427    26.442415981557712
  5100  4.571212296580395851  21.87119755069177884  26.44240984727217381
  5110  4.569256029006917075  21.87315168359942419  26.44240771260633949
  5120  4.649002232215090125  21.79340784251583685  26.44241007473092608
  5130   4.80798858376772742  21.63442836536365022  26.44241694913137763
  5140  5.036618315213503116  21.40580954215259979  26.44242785736610202
  5150  5.318857837386807397  21.12358404349204832  26.44244188087885661
  5160  5.633631326922155402  20.80882644438646878  26.44245777130862507
  5170  5.956745115792588585  20.48572898237161866  26.44247409816420813
  5180  6.263115057818033904  20.17937435148771996  26.44248940930575387
  5190  6.529047415154988876  19.91345496463214815  26.44250237978713614
  5200  6.734338466940827495  19.70817346304055562  26.44251192998138222
  5210  6.864002361468876323  19.57851494143820403  26.44251730290708124
  5220  6.909497676960148382  19.53302042352318324   26.4425181004833334
  5230  6.869386249585759607  19.57312803667071321  26.44251428625647193
  5240  6.749411333407966396  19.69309483243979386  26.44250616584776026
  5250  6.562020107737504659   19.8804742477450489  26.44249435548255178
  5260  6.325378690014850314  20.11710105435703966  26.44247974437189086
  5270  6.061942257270213297  20.38052119337920942  26.44246345064942361
  5280  5.796657020401970506  20.64578974514225962  26.44244676554422924
  5290  5.554891612170006709  20.88753946641042347  26.44243107858043018
  5300  5.360225438337142378  21.08219234047105672   26.4424177788081991
  5310  5.232257249686009359  21.21015088335990129  26.44240813304590887
  5320  5.184629777615764823  21.25777337256224442  26.44240315017800924
  5330  5.223483888649531615  21.21891955974010813  26.44240344838964063
  5340  5.346547010781384834  21.09586213657047793  26.44240914735186365
  5350  5.543018384123394426  20.89940142374963372  26.44241980787302992
  5360  5.794337733169430571  20.64809670353481508  26.44243443670424654
  5370  6.075821980347811291  20.36662958425159786  26.44245156459940915
  5380  6.359041321162758997  20.08342807220800452  26.44246939337076441
  5390  6.614700126544044601  19.82778586868737491  26.44248599523141863
  5400  6.815708525244843052  19.62679101266380499  26.44249953790864893
  5410  6.940091879769268779  19.50241662423341182  26.44250850400268149
  5420  6.973395259618652808  19.46911661410143424  26.44251187372008616
  5430  6.910297412451465782  19.53221183363012514  26.44250924608159181
  5440  6.755244555059566558  19.68725632851106511  26.44250088357063078
  5450  6.522033573030662446  19.92045410371085268  26.44248767674151424
  5460  6.232399191354106804  20.21007184515010024  26.44247103650420883
  5470   5.91377313112270464  20.52867959960509481  26.44245273072780122
  5480  5.596471161379399817  20.84596352623881188  26.44243468761820992
  5490  5.310617114360066005  21.13180167612643601   26.4424187904865029
  5500  5.083127704514608602  21.35927898278897885  26.44240668730358834
  5510  4.935060097308478611  21.50733953694642153  26.44239963425490103
  5520  4.879571926523535552  21.56282645974025769  26.44239838626379324
  5530  4.920670405741348397  21.52173273461243497  26.44240314035378248
  5540  5.052844222454684342  21.38956930870692119  26.44241353116160553
  5550  5.261589185199335716  21.18083948790960847  26.44242867310894241
  5560  5.524763713844563107   20.9176835274270907  26.44244724127165469
  5570  5.814647411357525719  20.62782017120184364  26.44246758255937024
  5580  6.100526251647293563  20.34196159791122938  26.44248784955852472
  5590  6.351590706018351185  20.09091544409616148  26.44250615011451089
  5600  6.539907593689163079  19.90261311196514171  26.44252070565430301
  5610  6.643212857884448042  19.79931715213484011  26.44253001001928993
  5620  6.647272701274239637  19.79526027719258963  26.44253297846682926
  5630  6.547577698008611335  19.89495137607833186  26.44252907408694142
  5640  6.350172117850150677  20.09234627916119464  26.44251839701134443
  5650   6.07148127919905356  20.37102044222174158  26.44250172142079691
  5660   5.73708337892203879  20.70539708851545413  26.44248046743749114
  5670  5.379475152288189399  21.06298144798572025  26.44245660027391054
  5680  5.034994306016943533  21.40743815151370555  26.44243245753064997
  5690  4.740172579647921047  21.70223793678022517   26.4424105164281471
  5700  4.527884849685442248  21.91450827442819005   26.4423931241136323
  5710  4.423714803248502747  22.01866742022001233   26.4423822234685133
  5720  4.442962648900119937   21.9994164625429498  26.44237911144307063
  5730   4.58866842439424083  21.85371584092048636  26.44238426531472896
  5740  4.850918509633078912  21.59147875434118902  26.44239726397426793
  5750  5.207555598227390448   21.2348612196650528  26.44241681789244325
  5760  5.626244104972292881  20.81619680034780018  26.44244090532009395
  5770  6.067678215448842671  20.37478878141688909  26.44246699686573265
  5780  6.489582100316646063  19.95291023843432754   26.4424923387509736
  5790  6.851059581621385064  19.59145467701483767  26.44251425863622273
  5800  7.116814064149480146  19.32571639314950218  26.44253045729898233
  5810  7.260780388104430827  19.18175886557231635  26.44253925367674896
  5820  7.268782423760933753  19.17375733444493235  26.44253975820586788
  5830  7.139942449731808694  19.30258950869899337  26.44253195843080206
  5840  6.886706474425842828  19.55581023594963952  26.44251671037548235
  5850  6.533498416846693857   19.9089972217291411  26.44249563857583496
  5860  6.114160224088759144  20.32831073257987953  26.44247095666863956
  5870  5.668460159834791234  20.77398506858285288  26.44244522841764322
  5880  5.238044989160394849  21.20437610619320878  26.44242109535360186
  5890  4.862263930108073673  21.58013707067417997  26.44240100078225453
  5900  4.574297701659938653  21.86808923840094465  26.44238694006088508
  5910    4.3979847950759412  22.04439546844556475  26.44238026352150683
  5920  4.345654857605373067  22.09672669408068657  26.44238155168606141
  5930  4.417166280945560075  22.02522429260137571  26.44239057354693756
  5940  4.600215458266966095  21.84219087076316868  26.44240632903013477
  5950  4.871853643560174696  21.57057352408701689  26.44242716764719248
  5960  5.201028022276065421  21.24142294559962352  26.44245096787568983
  5970  5.551868115389898328  20.89060724128485802  26.44247535667475546
  5980  5.887375060474968613   20.5551228855509045    26.442497946025874
  5990  6.173143676046837669  20.26937288741323684  26.44251656346007451
  6000  6.380755629340277402  20.06177382635267747  26.44252945569295576
  6010   6.49052329797391625  19.95201215022298058  26.44253544819689594
  6020   6.49333247676605918  19.94920157126720994  26.44253404803327001
  6030  6.391420956298290434  20.05110452584386849  26.44252548214215892
  6040   6.19803149361674599  20.24447917475058389  26.44251066836732988
  6050  5.935983675448492036  20.50650744633036027  26.44249112177885053
  6060   5.63531108530023328  20.80715771915171075  26.44246880445194492
  6070  5.330199141594439638  21.11224679081836086  26.44244593241280228
  6080  5.055526276533440111  21.38689848173055097   26.4424247582639893
  6090  4.843349320712621697   21.5990580305119515  26.44240735122457409
  6100   4.71967820322778131  21.72271719377469168  26.44239539700247121
  6110  4.701854346634931403  21.74053569108194495  26.44239003771687635
  6120  4.796784777282556256  21.64560698998895916   26.4423917672715163
  6130  5.000197304152801614  21.44220308686820431  26.44240039102100681
  6140  5.296981139355673385  21.14543391216096424  26.44241505151663674
  6150  5.662572918832274205  20.77986139692752587  26.44243431575980097
  6160  6.065250300662231808   20.3772060137248161  26.44245631438704791
  6170  6.469112361644007159  19.97336655802403271  26.44247891966804076
  6180   6.83746393829809751  19.60503600848513273  26.44249994678322935
  6190  7.136284110111158263  19.30623325104749455   26.4425173611586537
  6200  7.337450032991475801  19.10507944063220265  26.44252947362367934
  6210  7.421407768141526695  19.02112733697673264  26.44253510511826022
  6220  7.379031288052492421  19.06350241607868412  26.44253370413117565
  6230  7.212486659533573707  19.23003874397720381   26.4425254035107784
  6240  6.935014646940142136  19.50749636185537739  26.44251100879552041
  6250  6.569652715564051171  19.87283920189014808  26.44249191745419836
  6260  6.147025306518165699  20.29544466995372431   26.4424699764718909
  6270  5.702426904415600184  20.74002038901252476  26.44244729342812406
  6280  5.272494202545488839  21.16993181961836612  26.44242602216385407
  6290  4.891802687577971653  21.55060545967789665   26.4424081472558683
  6300  4.589724673839275404  21.85267061728371019   26.4423952911229847
  6310  4.387850884620334568  22.05453767921062891  26.44238856383096348
  6320  4.298211766925454924  22.14417670247891223  26.44238846940436716
  6330  4.322447210358780545  22.11994766470029816   26.4423948750590796
  6340  4.451975338288801431  21.99043170442079997  26.44240704270960052
  6350  4.669113388845837598  21.77331032744863748  26.44242371629447419
  6360  4.949015511597950834    21.493427742738902  26.44244325433685106
  6370   5.26222039388045193  21.18024340048231835  26.44246379436276939
  6380  5.577550763535223055  20.86493267043883648  26.44248343397406131
  6390   5.86508023539596568  20.57742017673723467  26.44250041213319946
  6400  6.098882691041399795  20.34363058272886349  26.44251327377026328
  6410  6.259305943315181864  20.18321505835895735  26.44252100167413744
  6420    6.3345632369501228  20.10795986527819323  26.44252310222831426
  6430  6.321508790719889248  20.12101084539523654  26.44251963611512579
  6440  6.225549799972930565  20.21696139124857439  26.44251119122150584
  6450  6.059737531612988448  20.38276127013669381  26.44249880174968226
  6460  5.843163868041075126  20.59931995584359754  26.44248382388467178
  6470  5.598857130008062732  20.84361065324529605  26.44246778325335967
  6480  5.351414708066853265  21.09103750413115819  26.44245221219801323
  6490  5.124625689545005969  21.31781280576505822  26.44243849531006418
  6500  4.939323644466169227  21.50310409544619361  26.44242773991236106
  6510  4.811670831630631362  21.63074985292853114  26.44242068455916339
  6520  4.752015975189280539   21.6904016784757907  26.44241765366507124
  6530  4.764396203831401166  21.67802235676587586  26.44241856059727525
  6540  4.846678704391096382  21.59574425122962893  26.44242295562072442
  6550  4.991268298828686056  21.45116181078149964   26.4424301096101857
  6560  5.186251802024931301  21.25618731830607899  26.44243912033100941
  6570  5.416814916721617301  21.02563410919500342  26.44244902591661983
  6580  5.666755786447447818  20.77570312404131769  26.44245891048876729
  6590  5.919930740193586338  20.52253724934015366  26.44246798953373911
  6600  6.161498269454853904  20.28097739766514351  26.44247566711999653
  6610  6.378870251383767176  20.06361131088750582  26.44248156227127211
  6620  6.562327021321887166  19.88015848537637353  26.44248550669826159
  6630  6.705297653551109072  19.73718986616551874   26.4424875197166287
  6640  6.804342998530708009  19.63814476961712785  26.44248776814783497
  6650  6.858903326212319129  19.58358319318420371  26.44248651939652461
  6660  6.870883945101531332  19.57160014992670938   26.4424840950282416
  6670  6.844151982593459138  19.59832884799741137  26.44248083059087051
  6680  6.784008026708861827  19.65846901872918195  26.44247704543804289
  6690  6.696680674184036342  19.74579235003833588  26.44247302422237311
  6700  6.588873604114307447  19.85359540557918123  26.44246900969348957
  6710  6.467376912885232976  19.97508829175467326  26.44246520463990535
  6720  6.338740009641972151  20.10372176978017578  26.44246177942214615
  6730  6.208994547724546287  20.23346433309911774  26.44245888082366491
  6740  6.083413767616113077  20.35904287040949967  26.44245663802561097
  6750   5.96629908371182438  20.47615607873681398  26.44245516244863836
  6760  5.860794262837783819  20.58166027706129242  26.44245453989907446
  6770  5.768739460419862297  20.67371535522756432  26.44245481564742661
  6780  5.690588290000341942  20.75186768537586346   26.4424559753762054
  6790  5.625417449111913548  20.81704047772904786   26.4424579268409623
  6800  5.571057261569738017  20.87140322657442582  26.44246048814416383
  6810  5.524361252742353123  20.91810213554030895  26.44246338828266119
  6820  5.481613971204660984  20.96085231270856397  26.44246628391322673
  6830  5.439051369085640353   21.0034174242033771  26.44246879328901656
  6840  5.393441780619030013  21.04902876389401101   26.4424705445130428
  6850  5.342653648333858918  21.09981758324549617   26.4424712315793542
  6860  5.286124264278455165  21.15634640460070415   26.4424706688791602
  6870  5.225146037601932747  21.21732279629882356  26.44246883390075453
  6880  5.162904652874026112  21.27956123608673167  26.44246588896075778
  6890  5.104235248700298655  21.33822692722128878  26.44246217592158743
  6900  5.055103747670563585  21.38735443469493802  26.44245818236550249
  6910  5.021863946235715304  21.42059053643998112  26.44245448267569643
  6920  5.010379419195234441  21.43207224275886347   26.4424516619540988
  6930  5.025125892266668615  21.41732434163008492  26.44245023389675353
  6940  5.068399598412724139  21.37405096666515902  26.44245056507788405
  6950  5.139748134632379006  21.30270468270466466  26.44245281733704189
  6960  5.235713476879664263   21.2067434403525219  26.44245691723218528
  6970  5.349936081801879517  21.09252647545599757   26.4424625572578762
  6980  5.473620747886807969  20.96884848053765182  26.44246922842446068
  6990  5.596316720666805189  20.84615955821002231  26.44247627887682839
  7000   5.70692383162043626  20.73555915788689319  26.44248298950732945
  7010  5.794809061331830158  20.64767959430229638  26.44248865563412565
  7020  5.850906913276674892  20.59158575086233256  26.44249266413900656
  7030  5.868682397988889576  20.57381215945347819  26.44249455744236599
  7040  5.844854649564554805  20.59763942908745094  26.44249407865200396
  7050  5.779808034710271158  20.66268316051544573  26.44249119522571689
  7060  5.677651506830097894  20.76483459409118382   26.4424861009212826
  7070  5.545921908775739873      20.8965572886855  26.44247919746123898
  7080  5.394959921315347628  21.04751113708971744  26.44247105840506507
  7090   5.23701627240658496  21.20544610607380065  26.44246237848038561
  7100  5.085169115917239857  21.35728479646665434  26.44245391238389331
  7110  4.952149884906019928  21.49029652291956438   26.4424464078255852
  7120  4.849183358890118534  21.59325717931354305  26.44244053820366247
  7130  4.784947458328462133  21.65748938219939745  26.44243684052786136
  7140  4.764749304051016487  21.67768635984840486  26.44243566389942046
  7150  4.789997014268053022  21.65244011875225638   26.4424371330203094
  7160  4.858022890350540912  21.58441823970960982  26.44244113006014985
  7170  4.962284814039142233  21.48016248291505548  26.44244729695419949
  7180  5.092940715562141563  21.34951434345989441  26.44245505902203774
  7190   5.23775770962118159  21.20470595998058272  26.44246366960176431
  7200  5.383284794732749567  21.05918747936170732    26.442472274094456
  7210  5.516188001300805333  20.92629198881648378  26.44247999011728822
  7220  5.624622235672331882  20.81786376265191052  26.44248599832424418
  7230  5.699498153763236097  20.74299148217454558  26.44248963593778257
  7240  5.735499025299063192  20.70699145729464163  26.44249048259370483
  7250  5.731715361650414842  20.71077306474057522  26.44248842639099095
  7260   5.69179649399470744  20.75068720397763755  26.44248369797234588
  7270  5.623568207669682906  20.81890865515112665  26.44247686282081133
  7280  5.538130217570851777  20.90433854950484616  26.44246876707569882
  7290  5.448518871514879791  20.99394156804751788  26.44246043956239589
  7300   5.36808780647872652  21.07436515452278414  26.44245296100151066
  7310  5.308809876956867235  21.13363744152690771  26.44244731848377583
  7320  5.279726696941288822  21.16271757035199386  26.44244426729328268
  7330  5.285761316874841853  21.15668290499144888  26.44244422186628896
  7340  5.327065018454638867  21.11538217461224676  26.44244719306688651
  7350  5.398997572294918612  21.04345520900245958  26.44245278129737642
  7360  5.492753049222148576  20.94970717688970296  26.44246022611185154
  7370   5.59655403900614079  20.84591446589167418  26.44246850489781409
  7380  5.697258865820757912  20.74521760124460101  26.44247646706535804
  7390  5.782169287040206385  20.66031369946340845  26.44248298650361306
  7400  5.840796709803781184  20.60169040377662952  26.44248711358041248
  7410  5.866346031925109727  20.57614217615613228  26.44248820808124378
  7420  5.856707652294648625  20.58577838365903645  26.44248603595368508
  7430  5.814807288545042141  20.62767352698064727  26.44248081552569118
  7440  5.748244736322081216  20.69422846721314357  26.44247320353522568
  7450  5.668248460890231932  20.77421575723933955  26.44246421812957237
  7460  5.588071666546320593   20.8543834382375266  26.44245510478384631
  7470  5.521043422925143496  20.92140373782801532  26.44244716075315793
  7480  5.478550905312654429  20.96389063694217469  26.44244154225483001
  7490  5.468253156398771964  20.97418592759699507  26.44243908399576526
  7500  5.492805391749585375  20.94963476931172508  26.44244016106130957
  7510  5.549305662456586852  20.89313895549157962  26.44244461794816559
  7520  5.629571062010158222  20.81288071712501875  26.44245177913517608
  7530  5.721224608255240263  20.72123593362336536  26.44246054187860651
  7540   5.80944729798124726  20.63302223954643466  26.44246953752768192
  7550  5.879144331154362746  20.56333300447852963  26.44247733563289415
  7560    5.9172082565536952  20.52527440148297799  26.44248265803667408
  7570   5.91454554186416992  20.52793902756926059  26.44248456943343228
  7580  5.867568116790836896  20.57491449957657181  26.44248261636740693
  7590  5.778929963986075613  20.66354693240773699  26.44247689639381349
  7600   5.65739647802822887  20.78507157253709536  26.44246805056532423
  7610  5.516853909541336698  20.92560327354208027  26.44245718308341608
  7620   5.37458125696248068  21.06786446346982089  26.44244572043230335
  7630  5.249003771845052846  21.19343145656579352  26.44243522841084726
  7640  5.157215620295142244  21.28521158905180144  26.44242720934694546
  7650  5.112592416577077969   21.3298304871262161  26.44242290370329584
  7660   5.12280886415758463  21.31961425588523795  26.44242312004282169
  7670  5.188532771375844455  21.25389534325508478  26.44242811463092835
  7680  5.302988474542306818  21.13944906213393793  26.44243753667624475
  7690  5.452478548242256196  20.98997189955995069  26.44245044780220866
  7700  5.617834426980981455  20.82463098867554052  26.44246541565652109
  7710  5.776648106415973594  20.66583256638679345  26.44248067280276615
  7720  5.906032652110616787  20.53646167212165707  26.44249432423227475
  7730  5.985581629182710195  20.45692295155290807  26.44250458073561916
  7740  6.000156841647734218  20.44235314978085682  26.44250999142859015
  7750  5.942136376390893204  20.50037327078754146  26.44250964717843289
  7760  5.812803149328359176  20.62970017844800807  26.44250332777636814
  7770   5.62264560164485161   20.8198459681849819  26.44249156982983351
  7780  5.390469501640323458  21.05200613819970812  26.44247563984003335
  7790  5.141370288655312315  21.30108711914630604  26.44245740780161924
  7800  4.903771416334473443  21.53866771381236589  26.44243913014683756
  7810  4.705874558675549046   21.7365486064957345  26.44242316517128444
  7820  4.571970407564348804  21.87044124916451082  26.44241165672885785
  7830  4.519105205602086173  21.92330102450527463  26.44240623010735902
  7840  4.554576233610307945  21.88783151191265119  26.44240774552296003
  7850   4.67463744590309016  21.76777870269536663  26.44241614859845768
  7860  4.864643945119701662   21.5777864991831656  26.44243044430286815
  7870  5.100671023472115095  21.34177777963052591  26.44244880310264278
  7880   5.35243742380186216  21.09003136466280637  26.44246878846466942
  7890  5.587173628601143527  20.85531404785839626   26.4424876764595389
  7900  5.773932896290406624  20.66856992757974609  26.44250282387015361
  7910  5.887767730764960739  20.55474430234940542  26.44251203311436527
  7920  5.913200099643036722  20.52931376207351022  26.44251386171654872
  7930  5.846500822833282207  20.59600700856352873  26.44250783139681005
  7940  5.696450714809256688  20.74604379128651388  26.44249450609576968
  7950  5.483461040315599888  20.95901438712472142  26.44247542744032131
  7960  5.237153835172288829  21.20529908201068281  26.44245291718297253
  7970  4.992711028945502783  21.44971874651617583   26.4424297754616795
  7980  4.786465036416934993  21.65594388172877061   26.4424089181457056
  7990  4.651300041929953721  21.79109296181544764  26.44239300374540136
  8000  4.612451034467947686   21.8299330652052106  26.44238409967315917
  8010  4.684227410937816138  21.75815601885379991  26.44238342979161516
  8020  4.868061441330592487  21.57432979077748669  26.44239123210807918
  8030  5.152109154327732199  21.29029758540785267  26.44240673973558486
  8040  5.512436782303801408  20.92999150007399223  26.44242828237779364
  8050   5.91563487780868158  20.52681861381927675  26.44245349162795833
  8060  6.322536929117789306  20.11994265360564782  26.44247958272343624
  8070  6.692597125749618847  19.74990655287600561  26.44250367862562356
  8080  6.988414083421751855  19.45410905603400664   26.4425231394557585
  8090  7.179878700752688303  19.26265716031381814  26.44253586106650644
  8100  7.247473797128280992  19.19506671328476344  26.44254051041304621
  8110  7.184354402092175462   19.2581822698848022  26.44253667197697766
  8120  6.996979591158228651  19.44554529737359516   26.4425248885318247
  8130  6.704234764656121115  19.73827182589252516  26.44250659054864627
  8140  6.335159345063399172   20.1073245759084358  26.44248392097183498
  8150   5.92555927272122851  20.51690020201785813  26.44245947473908842
  8160  5.513916660476917642  20.92851932319607755  26.44243598367299342
  8170  5.137093222348127597  21.30532276313906692  26.44241598548719452
  8180  4.826347426655141604  21.61605409230477903  26.44240151895991886
  8190  4.604142942403899319  21.83825094260346233  26.44239388500736254
  8200  4.482121780857599269  21.96027172445738529  26.44239350531498545
  8210  4.460462273287561175  21.98193762401720264  26.44239989730476381
  8220  4.528659763611894817  21.91375200457533978   26.4424117681872346
  8230   4.66758151282988365  21.77484570121740148  26.44242721404728513
  8240  4.852482904618912407  21.58996109030880817  26.44244399492772146
  8250  5.056552851616533673  21.38590699465740386  26.44245984627393753
  8260  5.254498876012415387  21.18797390668273906  26.44247278269515533
  8270  5.425693730146323723  21.01678762222257646  26.44248135236890107
  8280   5.55648215594117012  20.88600265306393666  26.44248480900510856
  8290  5.641375421117786892  20.80110775999909478  26.44248318111688079
  8300  5.683022668203281391  20.75945456503368902   26.4424772332369713
  8310  5.691018543473930436  20.75144978483431402  26.44246832830824445
  8320  5.679762890441407919  20.76269532252672079  26.44245821296812693
  8330  5.665710500970506658  20.77673825561897658  26.44244875658948501
  8340  5.664422319393882965  20.77801936051766418  26.44244167991154626
  8350  5.687846029998726571  20.75459227966034703  26.44243830965907449
  8360  5.742212813740215971  20.70022657784252829  26.44243939158274515
  8370  5.826844597630721267  20.61560038883503765  26.44244498646575892
  8380  5.934035099366434807  20.50841936319801562  26.44245446256444865
  8390  6.050016075705812568  20.39245050932963466  26.44246658503544722
  8400  6.156867927181154165  20.28561176251852061  26.44247968969967388
  8410  6.235101958248224996  20.20738995851373332   26.4424919167619592
  8420  6.266548356440582168  20.17595311517431611   26.4425014716148965
  8430  6.237142320985512356  20.20536455503044948  26.44250687601596184
  8440     6.139216383358022  20.30329079116634006  26.44250717452436206
  8450  5.972977064245249323  20.46952500370050743  26.44250206794575675
  8460  5.746957805710198208  20.69553415085972148  26.44249195656992057
  8470  5.477380571888974536  20.96509731730707671  26.44247788919605213
  8480  5.186505261167175362  21.25595616604384119  26.44246142721101478
  8490  4.900178753888415173  21.54226569026430482     26.44244444415272
  8500  4.644896731643827437  21.79753215718246295  26.44242888882629217
  8510  4.444749371296587093  21.99766717204298061  26.44241654333956859
  8520  4.318631194921981553  22.12377761142296251  26.44240880634494317
  8530  4.278056946751451761  22.16434958025119073  26.44240652700264249
  8540  4.325846355336629756  22.11656355246184802  26.44240990779847778
  8550  4.455832227245236865   21.9865862584438112  26.44241848568904629
  8560  4.653622068641309006  21.78880912356053656  26.44243119220184468
  8570  4.898317553703301463   21.5441289311627493  26.44244648486604987
  8580  5.164982254147322926  21.27748028085202492  26.44246253499934696
  8590  5.427558286364059903  21.01491916437056062  26.44247745073462141
  8600  5.661877031807952321   20.7806124777490453  26.44248950955699939
  8610   5.84839510932342499  20.59410226294335899  26.44249737226678576
  8620  5.974317703522588729  20.46818254740695409  26.44250025092954104
  8630   6.03484554923114036  20.40765245847702758  26.44249800770816705
  8640  6.033391939201769638  20.40909923034007889  26.44249116954184942
  8650  5.980749000640595447  20.46173185405334038  26.44248085469393672
  8660  5.893320743225854308  20.54914787647868124  26.44246861970453466
  8670  5.790664652246176658  20.65179159483019689  26.44245624707637177
  8680  5.692675753695378482  20.74976974936838658  26.44244550306376595
  8690  5.616793401594491364  20.82564449782341498  26.44243789941790723
  8700  5.575604693757560959  20.86682979845898345  26.44243449221654529
  8710  5.575160615864044544  20.86727512924051098  26.44243574510455375
  8720  5.614220677510978419  20.82822079700327222  26.44244147451425064
  8730  5.684513954823167126  20.75793692760235842  26.44245088242552555
  8740   5.77196762998705637  20.67049503991493253   26.4424626699019889
  8750  5.858727402007613883  20.58374781187747971   26.4424752138850927
  8760  5.925694279390567587  20.51679250266368726  26.44248678205425307
  8770  5.955241309862331356  20.48725444707271492  26.44249575693504539
  8780  5.933757665107833645  20.50874317594347573  26.44250084105130938
  8790  5.853695617510785709  20.58880560163801832  26.44250121914880225
  8800  5.714862118890901677  20.72763454136578076  26.44249666025668333
  8810  5.524790813608825069  20.91769673641832483  26.44248755002714901
  8820  5.298140479105328815   21.1443343722234296  26.44247485132875752
  8830  5.055180145381221735  21.38727985237836293  26.44245999775958467
  8840  4.819528496805257411  21.62291623387109851  26.44244473067635681
  8850  4.615405670723605525  21.82702522506189879   26.4424308957855061
  8860  4.464720169825749707  21.97770005048242936  26.44242022030817907
  8870  4.384344255645980404  22.05806984000296112  26.44241409564894241
  8880  4.383921819803856756  22.05849157251502035  26.44241339231887622
  8890  4.464500840811550297  21.97791749158292163  26.44241833239447104
  8900  4.618190806338503762  21.82423763314698917  26.44242843948549293
  8910  4.828922607489582575  21.61351996972789635  26.44244257721747715
  8920  5.074248682526651066  21.36821039317745985  26.44245907570411092
  8930  5.327982776175731239  21.11449315691940853  26.44247593309513888
  8940  5.563361002522599463  20.87913006544655659  26.44249106796915783
  8950  5.756326588325273441  20.68617600162166426  26.44250258994693681
  8960  5.888512719681508578  20.55399633218719302  26.44250905186870071
  8970  5.949527406540408236   20.4929822415843752  26.44250964812478344
  8980  5.938229090906095742  20.50427523941422336  26.44250433032031822
  8990  5.862811416495612882  20.57968240618798106  26.44249382268359483
  9000  5.739672653138286229  20.70280688062787178  26.44247953376615712
  9010  5.591207712973457866  20.85125566290546928  26.44246337587892626
  9020  5.442805422790234715  20.99964209402166304  26.44244751681189598
  9030  5.319440291658299458  21.12299380600719445  26.44243409766549391
  9040  5.242301880112874457   21.2001230745691025  26.44242495468197518
  9050  5.225899468323684793  21.21652191315728331  26.44242138148096899
  9060   5.27601708764758115  21.16640687399592125  26.44242396164350239
  9070  5.388783971828291719  21.05364851966323059  26.44243249149152319
  9080  5.550983791279530344  20.89146220957092126  26.44244600085045249
  9090  5.741571586848547071  20.70089128042236126  26.44246286727090833
  9100  5.934219539006928557   20.5082614692577252  26.44248100826465375
  9110  6.100589007257194218  20.34190912043412425  26.44249812769131935
  9120  6.213940091303431501   20.2285718960614247   26.4425119873648562
  9130  6.252649519564926983  20.18987115387825071   26.4425206734431768
  9140  6.203215557670873181   20.2393072712614206  26.44252282893229378
  9150   6.06238226614061837  20.38013556175619101   26.4425178278968076
  9160  5.838108171976196914  20.60439770089607592  26.44250587287227461
  9170  5.549226911768880832  20.89326109188240466   26.4424880036512846
  9180  5.223788743905709353  21.21867726901011864  26.44246601291582977
  9190  4.896220021737830663  21.54622225043452843  26.44244227217235732
  9200  4.603579572913510276  21.83883990758366878  26.44241948049717905
  9210  4.381311838373765255  22.06108852007123033  26.44240035844499559
  9220  4.258981060969735388  22.18340625812089684  26.44238731909063134
  9230  4.256504070230792358  22.18587808536254613  26.44238215559333938
  9240  4.381370327083009109   22.0610154605233646  26.44238578760637282
  9250  4.627243000135582207  21.81515510540364744  26.44239810553922965
  9260  4.974179750693981106  21.46823819076800532  26.44241794146198643
  9270  5.390512900068673119  21.05193027921037441  26.44244317927904575
  9280  5.836211068803435431  20.60625992812562757  26.44247099692906389
  9290  6.267339054608708437  20.17515915840475671  26.44249821301346515
  9300  6.641071106607803642  19.80145058626093757  26.44252169286874121
  9310  6.920621578769757143  19.52191717907098933  26.44253875784074737
  9320  7.079453366649024026  19.36309417201151106   26.4425475386605342
  9330  7.104212690081353365  19.33833453025182081  26.44254722033317506
  9340  6.996008375025829729  19.44652976618998963  26.44253814121582025
  9350  6.769881059375817856  19.67264067139088368  26.44252173076669976
  9360  6.452558931607888404  19.98994136366681929  26.44250029527470858
  9370  6.078833306002906944  20.36364337858024243  26.44247668458314848
  9380  5.687072948536981087  20.75538094268614486  26.44245389122312417
  9390  5.314502130695787585  21.12793251255466132  26.44243464325045068
  9400  4.992878593075767313  21.44954245856482089  26.44242105164058643
  9410  4.745124513326815396   21.6972898491020203  26.44241436242883481
  9420  4.583302479618750702  21.85911236529529234  26.44241484491404393
  9430  4.508118256895338405  21.93430356689836458  26.44242182379370121
  9440  4.509908714087001336  21.93252512556865597  26.44243383965565641
  9450  4.570872667475393669  21.87157623579352972  26.44244890326892516
  9460   4.66815391160064852  21.77431088639428935  26.44246479799493699
  9470  4.777306952352009084   21.6651724303144384  26.44247938266644837
  9480  4.875670698054250352  21.56682015561620958  26.44249085367045993
  9490  4.945234702638581226  21.49726323440890852  26.44249793704749152
  9500  4.974688651874438428  21.46781134400881896   26.4424999958832565
  9510  4.960476801869518226  21.48202025009307548   26.4424970519625937
  9520  4.906813860967258911  21.53567587043522025  26.44248973140247827
  9530  4.824740260968474637  21.61773888982980907  26.44247915079828459
  9540  4.730391562576039099  21.71207520076888642  26.44246676334492463
  9550  4.642723426521521368  21.79973075773111901  26.44245418425263949
  9560   4.58096949637488926  21.86147351643452907  26.44244301280942011
  9570  4.562117111664880653  21.88031755415220303  26.44243466581708191
  9580  4.598668795942755239  21.84376143870188614   26.4424302346446396
  9590  4.696919896669199623   21.7455104793516476  26.44243037602084812
  9600   4.85592827754024281   21.5865069671025509   26.4424352446427946
  9610  5.067284248181960216  21.37516022509158731  26.44244447327354663
  9620  5.315712156118053144  21.12674504679620924  26.44245720291426238
  9630  5.580454390915684293  20.86201777096522036  26.44247216188090377
  9640  5.837310054759067057  20.60517773367524086  26.44248778843430614
  9650  6.061130952036330122  20.38137143534862972  26.44250238738495895
  9660  6.228523610467205707  20.21399069678646754  26.44251430725367413
  9670   6.32047395287511371  20.12204816858180934  26.44252212145692482
  9680  6.324605956266289297  20.11791883868761133  26.44252479495390062
  9690  6.236810249516299365  20.20571156781398514  26.44252181733028451
  9700  6.062033620557701674  20.38047966418004364   26.4425132847377462
  9710   5.81410307261143533  20.62839684436370646  26.44249991697514091
  9720  5.514561868510406306  20.92792113376162888   26.4424830022720343
  9730  5.190609606188193226  21.25185466456296268  26.44246427075115591
  9740  4.872350306264715769  21.57009540092358435  26.44244570718829834
  9750  4.589646649265457512  21.85278267384554951  26.44242932311100702
  9760  4.368940339114995908  22.07347657669846797  26.44241691581346387
  9770  4.230416707690580758  22.21199313826498667  26.44240984595556654
  9780  4.185860261296630469  22.25654860361388288  26.44240886491051157
  9790   4.23746821547711594  22.20494580210590385   26.4424140175830189
  9800   4.37777011905353497  22.06465451747903472  26.44242463653257147
  9810  4.590659169131707351  21.85178026102065374  26.44243943015236198
  9820  4.853395178790917086  21.58906147462623792  26.44245665341715323
  9830  5.139312340732929307  21.30316199590016879  26.44247433663309721
  9840  5.420876728343427153  21.02161380988757955  26.44249053823100581
  9850  5.672702811648873578  20.76980077228172306  26.44250358393059486
  9860  5.874160265251048507  20.56835199234721046  26.44251225759825985
  9870   6.01127700515220198  20.43123891324642116  26.44251591839862314
  9880   6.07775739247555169  20.36475714000183856  26.44251453247738937
  9890  6.075065219357019153  20.36744340306414003  26.44250862242115829
  9900  6.011646888092813334  20.43085226276595279  26.44249915085876523
  9910  5.901471410504887771  20.54101595271910696  26.44248736322399651
  9920  5.762127416607072838   20.6803472010011653  26.44247461760823725
  9930   5.61273867771449364  20.82972354931141368  26.44246222702590643
  9940  5.471942286042960291    20.970509046791598  26.44245133283455829
  9950  5.356127217203104252   21.0863156023035252  26.44244281950663122
  9960  5.278068197170592946  21.16436907541974577   26.4424372725903396
  9970  5.246023303756722989  21.19641167115780078  26.44243497491452288
  9980  5.263304034506654183  21.17913189721395284  26.44243593172060613
  9990  5.328280684800679623  21.11415922870371276  26.44243991350439416
